position:      26.3637 18.5566 25.0014
orientation:   -0.196662 0.387337 0.0695072 0.898033
field_of_view: 0.785398
